image_width: 1920
image_height: 1080
camera_name: head_camera
camera_matrix:
  rows: 3
  cols: 3
  data: [1807.6331 ,    0.     , 1045.32934,
            0.     , 1793.60099,  645.05486,
            0.     ,    0.     ,    1.     ]
distortion_model: plumb_bob
distortion_coefficients:
  rows: 1
  cols: 5
  data: [0.136110, -0.143501, 0.030757, 0.034194, 0.000000]
rectification_matrix:
  rows: 3
  cols: 3
  data: [1., 0., 0.,
         0., 1., 0.,
         0., 0., 1.]
projection_matrix:
  rows: 3
  cols: 4
  data: [1856.46118,    0.     , 1093.12741,    0.     ,
            0.     , 1873.41479,  667.20736,    0.     ,
            0.     ,    0.     ,    1.     ,    0.     ]
